  0.0000000e+000  7.8935972e-002
  2.5000000e-003  7.9531081e-002
  5.0000000e-003  8.0179957e-002
  7.5000000e-003  8.0884088e-002
  1.0000000e-002  8.1644909e-002
  1.2500000e-002  8.2463808e-002
  1.5000000e-002  8.3342113e-002
  1.7500000e-002  8.4281097e-002
  2.0000000e-002  8.5281973e-002
  2.2500000e-002  8.6345889e-002
  2.5000000e-002  8.7473926e-002
  2.7500000e-002  8.8667099e-002
  3.0000000e-002  8.9926351e-002
  3.2500000e-002  9.1252550e-002
  3.5000000e-002  9.2646491e-002
  3.7500000e-002  9.4108892e-002
  4.0000000e-002  9.5640388e-002
  4.2500000e-002  9.7241538e-002
  4.5000000e-002  9.8912815e-002
  4.7500000e-002  1.0065461e-001
  5.0000000e-002  1.0246723e-001
  5.2500000e-002  1.0435088e-001
  5.5000000e-002  1.0630572e-001
  5.7500000e-002  1.0833176e-001
  6.0000000e-002  1.1042898e-001
  6.2500000e-002  1.1259724e-001
  6.5000000e-002  1.1483632e-001
  6.7500000e-002  1.1714590e-001
  7.0000000e-002  1.1952558e-001
  7.2500000e-002  1.2197487e-001
  7.5000000e-002  1.2449320e-001
  7.7500000e-002  1.2707990e-001
  8.0000000e-002  1.2973421e-001
  8.2500000e-002  1.3245530e-001
  8.5000000e-002  1.3524225e-001
  8.7500000e-002  1.3809404e-001
  9.0000000e-002  1.4100959e-001
  9.2500000e-002  1.4398773e-001
  9.5000000e-002  1.4702721e-001
  9.7500000e-002  1.5012670e-001
  1.0000000e-001  1.5328482e-001
  1.0250000e-001  1.5650008e-001
  1.0500000e-001  1.5977095e-001
  1.0750000e-001  1.6309581e-001
  1.1000000e-001  1.6647301e-001
  1.1250000e-001  1.6990080e-001
  1.1500000e-001  1.7337739e-001
  1.1750000e-001  1.7690093e-001
  1.2000000e-001  1.8046953e-001
  1.2250000e-001  1.8408122e-001
  1.2500000e-001  1.8773402e-001
  1.2750000e-001  1.9142589e-001
  1.3000000e-001  1.9515475e-001
  1.3250000e-001  1.9891848e-001
  1.3500000e-001  2.0271495e-001
  1.3750000e-001  2.0654197e-001
  1.4000000e-001  2.1039735e-001
  1.4250000e-001  2.1427888e-001
  1.4500000e-001  2.1818431e-001
  1.4750000e-001  2.2211140e-001
  1.5000000e-001  2.2605789e-001
  1.5250000e-001  2.3002153e-001
  1.5500000e-001  2.3400004e-001
  1.5750000e-001  2.3799117e-001
  1.6000000e-001  2.4199266e-001
  1.6250000e-001  2.4600226e-001
  1.6500000e-001  2.5001775e-001
  1.6750000e-001  2.5403691e-001
  1.7000000e-001  2.5805755e-001
  1.7250000e-001  2.6207750e-001
  1.7500000e-001  2.6609463e-001
  1.7750000e-001  2.7010682e-001
  1.8000000e-001  2.7411200e-001
  1.8250000e-001  2.7810815e-001
  1.8500000e-001  2.8209326e-001
  1.8750000e-001  2.8606539e-001
  1.9000000e-001  2.9002265e-001
  1.9250000e-001  2.9396317e-001
  1.9500000e-001  2.9788517e-001
  1.9750000e-001  3.0178691e-001
  2.0000000e-001  3.0566670e-001
  2.0250000e-001  3.0952292e-001
  2.0500000e-001  3.1335402e-001
  2.0750000e-001  3.1715849e-001
  2.1000000e-001  3.2093493e-001
  2.1250000e-001  3.2468196e-001
  2.1500000e-001  3.2839830e-001
  2.1750000e-001  3.3208273e-001
  2.2000000e-001  3.3573412e-001
  2.2250000e-001  3.3935138e-001
  2.2500000e-001  3.4293354e-001
  2.2750000e-001  3.4647966e-001
  2.3000000e-001  3.4998892e-001
  2.3250000e-001  3.5346053e-001
  2.3500000e-001  3.5689382e-001
  2.3750000e-001  3.6028818e-001
  2.4000000e-001  3.6364306e-001
  2.4250000e-001  3.6695803e-001
  2.4500000e-001  3.7023268e-001
  2.4750000e-001  3.7346673e-001
  2.5000000e-001  3.7665994e-001
  2.5250000e-001  3.7981216e-001
  2.5500000e-001  3.8292331e-001
  2.5750000e-001  3.8599339e-001
  2.6000000e-001  3.8902245e-001
  2.6250000e-001  3.9201063e-001
  2.6500000e-001  3.9495814e-001
  2.6750000e-001  3.9786524e-001
  2.7000000e-001  4.0073227e-001
  2.7250000e-001  4.0355962e-001
  2.7500000e-001  4.0634775e-001
  2.7750000e-001  4.0909719e-001
  2.8000000e-001  4.1180849e-001
  2.8250000e-001  4.1448230e-001
  2.8500000e-001  4.1711929e-001
  2.8750000e-001  4.1972018e-001
  2.9000000e-001  4.2228577e-001
  2.9250000e-001  4.2481686e-001
  2.9500000e-001  4.2731432e-001
  2.9750000e-001  4.2977905e-001
  3.0000000e-001  4.3221199e-001
  3.0250000e-001  4.3461411e-001
  3.0500000e-001  4.3698641e-001
  3.0750000e-001  4.3932992e-001
  3.1000000e-001  4.4164569e-001
  3.1250000e-001  4.4393479e-001
  3.1500000e-001  4.4619833e-001
  3.1750000e-001  4.4843741e-001
  3.2000000e-001  4.5065315e-001
  3.2250000e-001  4.5284670e-001
  3.2500000e-001  4.5501918e-001
  3.2750000e-001  4.5717175e-001
  3.3000000e-001  4.5930555e-001
  3.3250000e-001  4.6142173e-001
  3.3500000e-001  4.6352144e-001
  3.3750000e-001  4.6560581e-001
  3.4000000e-001  4.6767597e-001
  3.4250000e-001  4.6973304e-001
  3.4500000e-001  4.7177812e-001
  3.4750000e-001  4.7381231e-001
  3.5000000e-001  4.7583667e-001
  3.5250000e-001  4.7785225e-001
  3.5500000e-001  4.7986009e-001
  3.5750000e-001  4.8186120e-001
  3.6000000e-001  4.8385654e-001
  3.6250000e-001  4.8584707e-001
  3.6500000e-001  4.8783372e-001
  3.6750000e-001  4.8981738e-001
  3.7000000e-001  4.9179890e-001
  3.7250000e-001  4.9377912e-001
  3.7500000e-001  4.9575883e-001
  3.7750000e-001  4.9773878e-001
  3.8000000e-001  4.9971970e-001
  3.8250000e-001  5.0170228e-001
  3.8500000e-001  5.0368715e-001
  3.8750000e-001  5.0567492e-001
  3.9000000e-001  5.0766617e-001
  3.9250000e-001  5.0966142e-001
  3.9500000e-001  5.1166117e-001
  3.9750000e-001  5.1366586e-001
  4.0000000e-001  5.1567592e-001
  4.0250000e-001  5.1769170e-001
  4.0500000e-001  5.1971356e-001
  4.0750000e-001  5.2174177e-001
  4.1000000e-001  5.2377660e-001
  4.1250000e-001  5.2581828e-001
  4.1500000e-001  5.2786698e-001
  4.1750000e-001  5.2992285e-001
  4.2000000e-001  5.3198600e-001
  4.2250000e-001  5.3405652e-001
  4.2500000e-001  5.3613444e-001
  4.2750000e-001  5.3821979e-001
  4.3000000e-001  5.4031254e-001
  4.3250000e-001  5.4241265e-001
  4.3500000e-001  5.4452004e-001
  4.3750000e-001  5.4663461e-001
  4.4000000e-001  5.4875623e-001
  4.4250000e-001  5.5088476e-001
  4.4500000e-001  5.5302002e-001
  4.4750000e-001  5.5516181e-001
  4.5000000e-001  5.5730992e-001
  4.5250000e-001  5.5946413e-001
  4.5500000e-001  5.6162417e-001
  4.5750000e-001  5.6378981e-001
  4.6000000e-001  5.6596075e-001
  4.6250000e-001  5.6813671e-001
  4.6500000e-001  5.7031741e-001
  4.6750000e-001  5.7250254e-001
  4.7000000e-001  5.7469179e-001
  4.7250000e-001  5.7688485e-001
  4.7500000e-001  5.7908141e-001
  4.7750000e-001  5.8128115e-001
  4.8000000e-001  5.8348375e-001
  4.8250000e-001  5.8568891e-001
  4.8500000e-001  5.8789631e-001
  4.8750000e-001  5.9010564e-001
  4.9000000e-001  5.9231662e-001
  4.9250000e-001  5.9452894e-001
  4.9500000e-001  5.9674232e-001
  4.9750000e-001  5.9895650e-001
  5.0000000e-001  6.0117121e-001
  5.0250000e-001  6.0338619e-001
  5.0500000e-001  6.0560121e-001
  5.0750000e-001  6.0781606e-001
  5.1000000e-001  6.1003051e-001
  5.1250000e-001  6.1224438e-001
  5.1500000e-001  6.1445749e-001
  5.1750000e-001  6.1666969e-001
  5.2000000e-001  6.1888082e-001
  5.2250000e-001  6.2109076e-001
  5.2500000e-001  6.2329941e-001
  5.2750000e-001  6.2550667e-001
  5.3000000e-001  6.2771248e-001
  5.3250000e-001  6.2991679e-001
  5.3500000e-001  6.3211956e-001
  5.3750000e-001  6.3432078e-001
  5.4000000e-001  6.3652045e-001
  5.4250000e-001  6.3871860e-001
  5.4500000e-001  6.4091525e-001
  5.4750000e-001  6.4311048e-001
  5.5000000e-001  6.4530435e-001
  5.5250000e-001  6.4749696e-001
  5.5500000e-001  6.4968841e-001
  5.5750000e-001  6.5187882e-001
  5.6000000e-001  6.5406833e-001
  5.6250000e-001  6.5625709e-001
  5.6500000e-001  6.5844525e-001
  5.6750000e-001  6.6063301e-001
  5.7000000e-001  6.6282053e-001
  5.7250000e-001  6.6500802e-001
  5.7500000e-001  6.6719568e-001
  5.7750000e-001  6.6938372e-001
  5.8000000e-001  6.7157236e-001
  5.8250000e-001  6.7376183e-001
  5.8500000e-001  6.7595235e-001
  5.8750000e-001  6.7814416e-001
  5.9000000e-001  6.8033749e-001
  5.9250000e-001  6.8253258e-001
  5.9500000e-001  6.8472967e-001
  5.9750000e-001  6.8692898e-001
  6.0000000e-001  6.8913075e-001
  6.0250000e-001  6.9133521e-001
  6.0500000e-001  6.9354258e-001
  6.0750000e-001  6.9575308e-001
  6.1000000e-001  6.9796692e-001
  6.1250000e-001  7.0018430e-001
  6.1500000e-001  7.0240541e-001
  6.1750000e-001  7.0463044e-001
  6.2000000e-001  7.0685956e-001
  6.2250000e-001  7.0909292e-001
  6.2500000e-001  7.1133067e-001
  6.2750000e-001  7.1357295e-001
  6.3000000e-001  7.1581986e-001
  6.3250000e-001  7.1807152e-001
  6.3500000e-001  7.2032800e-001
  6.3750000e-001  7.2258937e-001
  6.4000000e-001  7.2485569e-001
  6.4250000e-001  7.2712698e-001
  6.4500000e-001  7.2940327e-001
  6.4750000e-001  7.3168454e-001
  6.5000000e-001  7.3397078e-001
  6.5250000e-001  7.3626193e-001
  6.5500000e-001  7.3855795e-001
  6.5750000e-001  7.4085874e-001
  6.6000000e-001  7.4316421e-001
  6.6250000e-001  7.4547423e-001
  6.6500000e-001  7.4778867e-001
  6.6750000e-001  7.5010736e-001
  6.7000000e-001  7.5243013e-001
  6.7250000e-001  7.5475679e-001
  6.7500000e-001  7.5708711e-001
  6.7750000e-001  7.5942087e-001
  6.8000000e-001  7.6175781e-001
  6.8250000e-001  7.6409768e-001
  6.8500000e-001  7.6644019e-001
  6.8750000e-001  7.6878505e-001
  6.9000000e-001  7.7113194e-001
  6.9250000e-001  7.7348055e-001
  6.9500000e-001  7.7583053e-001
  6.9750000e-001  7.7818155e-001
  7.0000000e-001  7.8053323e-001
  7.0250000e-001  7.8288522e-001
  7.0500000e-001  7.8523714e-001
  7.0750000e-001  7.8758861e-001
  7.1000000e-001  7.8993924e-001
  7.1250000e-001  7.9228863e-001
  7.1500000e-001  7.9463638e-001
  7.1750000e-001  7.9698211e-001
  7.2000000e-001  7.9932539e-001
  7.2250000e-001  8.0166584e-001
  7.2500000e-001  8.0400304e-001
  7.2750000e-001  8.0633660e-001
  7.3000000e-001  8.0866613e-001
  7.3250000e-001  8.1099123e-001
  7.3500000e-001  8.1331151e-001
  7.3750000e-001  8.1562659e-001
  7.4000000e-001  8.1793610e-001
  7.4250000e-001  8.2023968e-001
  7.4500000e-001  8.2253697e-001
  7.4750000e-001  8.2482763e-001
  7.5000000e-001  8.2711132e-001
  7.5250000e-001  8.2938773e-001
  7.5500000e-001  8.3165655e-001
  7.5750000e-001  8.3391749e-001
  7.6000000e-001  8.3617027e-001
  7.6250000e-001  8.3841463e-001
  7.6500000e-001  8.4065031e-001
  7.6750000e-001  8.4287710e-001
  7.7000000e-001  8.4509478e-001
  7.7250000e-001  8.4730314e-001
  7.7500000e-001  8.4950202e-001
  7.7750000e-001  8.5169125e-001
  7.8000000e-001  8.5387068e-001
  7.8250000e-001  8.5604019e-001
  7.8500000e-001  8.5819968e-001
  7.8750000e-001  8.6034903e-001
  7.9000000e-001  8.6248819e-001
  7.9250000e-001  8.6461710e-001
  7.9500000e-001  8.6673570e-001
  7.9750000e-001  8.6884398e-001
  8.0000000e-001  8.7094192e-001
  8.0250000e-001  8.7302952e-001
  8.0500000e-001  8.7510680e-001
  8.0750000e-001  8.7717378e-001
  8.1000000e-001  8.7923050e-001
  8.1250000e-001  8.8127701e-001
  8.1500000e-001  8.8331337e-001
  8.1750000e-001  8.8533964e-001
  8.2000000e-001  8.8735589e-001
  8.2250000e-001  8.8936221e-001
  8.2500000e-001  8.9135866e-001
  8.2750000e-001  8.9334534e-001
  8.3000000e-001  8.9532231e-001
  8.3250000e-001  8.9728967e-001
  8.3500000e-001  8.9924749e-001
  8.3750000e-001  9.0119584e-001
  8.4000000e-001  9.0313479e-001
  8.4250000e-001  9.0506439e-001
  8.4500000e-001  9.0698469e-001
  8.4750000e-001  9.0889572e-001
  8.5000000e-001  9.1079750e-001
  8.5250000e-001  9.1269003e-001
  8.5500000e-001  9.1457330e-001
  8.5750000e-001  9.1644727e-001
  8.6000000e-001  9.1831187e-001
  8.6250000e-001  9.2016703e-001
  8.6500000e-001  9.2201264e-001
  8.6750000e-001  9.2384854e-001
  8.7000000e-001  9.2567458e-001
  8.7250000e-001  9.2749055e-001
  8.7500000e-001  9.2929622e-001
  8.7750000e-001  9.3109131e-001
  8.8000000e-001  9.3287551e-001
  8.8250000e-001  9.3464846e-001
  8.8500000e-001  9.3640979e-001
  8.8750000e-001  9.3815904e-001
  8.9000000e-001  9.3989575e-001
  8.9250000e-001  9.4161939e-001
  8.9500000e-001  9.4332938e-001
  8.9750000e-001  9.4502510e-001
  9.0000000e-001  9.4670588e-001
  9.0250000e-001  9.4837101e-001
  9.0500000e-001  9.5001970e-001
  9.0750000e-001  9.5165113e-001
  9.1000000e-001  9.5326442e-001
  9.1250000e-001  9.5485863e-001
  9.1500000e-001  9.5643279e-001
  9.1750000e-001  9.5798584e-001
  9.2000000e-001  9.5951669e-001
  9.2250000e-001  9.6102418e-001
  9.2500000e-001  9.6250711e-001
  9.2750000e-001  9.6396422e-001
  9.3000000e-001  9.6539419e-001
  9.3250000e-001  9.6679564e-001
  9.3500000e-001  9.6816716e-001
  9.3750000e-001  9.6950727e-001
  9.4000000e-001  9.7081444e-001
  9.4250000e-001  9.7208709e-001
  9.4500000e-001  9.7332359e-001
  9.4750000e-001  9.7452227e-001
  9.5000000e-001  9.7568141e-001
  9.5250000e-001  9.7679923e-001
  9.5500000e-001  9.7787394e-001
  9.5750000e-001  9.7890368e-001
  9.6000000e-001  9.7988656e-001
  9.6250000e-001  9.8082065e-001
  9.6500000e-001  9.8170400e-001
  9.6750000e-001  9.8253462e-001
  9.7000000e-001  9.8331049e-001
  9.7250000e-001  9.8402955e-001
  9.7500000e-001  9.8468975e-001
  9.7750000e-001  9.8528898e-001
  9.8000000e-001  9.8582515e-001
  9.8250000e-001  9.8629613e-001
  9.8500000e-001  9.8669979e-001
  9.8750000e-001  9.8703399e-001
  9.9000000e-001  9.8729659e-001
  9.9250000e-001  9.8748544e-001
  9.9500000e-001  9.8759841e-001
  9.9750000e-001  9.8763335e-001
  1.0000000e+000  9.8758815e-001
  1.0025000e+000  9.8746069e-001
  1.0050000e+000  9.8724889e-001
  1.0075000e+000  9.8695068e-001
  1.0100000e+000  9.8656401e-001
  1.0125000e+000  9.8608688e-001
  1.0150000e+000  9.8551729e-001
  1.0175000e+000  9.8485332e-001
  1.0200000e+000  9.8409305e-001
  1.0225000e+000  9.8323464e-001
  1.0250000e+000  9.8227627e-001
  1.0275000e+000  9.8121620e-001
  1.0300000e+000  9.8005272e-001
  1.0325000e+000  9.7878420e-001
  1.0350000e+000  9.7740907e-001
  1.0375000e+000  9.7592581e-001
  1.0400000e+000  9.7433300e-001
  1.0425000e+000  9.7262927e-001
  1.0450000e+000  9.7081335e-001
  1.0475000e+000  9.6888401e-001
  1.0500000e+000  9.6684016e-001
  1.0525000e+000  9.6468075e-001
  1.0550000e+000  9.6240484e-001
  1.0575000e+000  9.6001159e-001
  1.0600000e+000  9.5750023e-001
  1.0625000e+000  9.5487010e-001
  1.0650000e+000  9.5212065e-001
  1.0675000e+000  9.4925142e-001
  1.0700000e+000  9.4626205e-001
  1.0725000e+000  9.4315229e-001
  1.0750000e+000  9.3992201e-001
  1.0775000e+000  9.3657116e-001
  1.0800000e+000  9.3309982e-001
  1.0825000e+000  9.2950818e-001
  1.0850000e+000  9.2579653e-001
  1.0875000e+000  9.2196528e-001
  1.0900000e+000  9.1801495e-001
  1.0925000e+000  9.1394618e-001
  1.0950000e+000  9.0975971e-001
  1.0975000e+000  9.0545640e-001
  1.1000000e+000  9.0103722e-001
  1.1025000e+000  8.9650327e-001
  1.1050000e+000  8.9185572e-001
  1.1075000e+000  8.8709589e-001
  1.1100000e+000  8.8222520e-001
  1.1125000e+000  8.7724516e-001
  1.1150000e+000  8.7215740e-001
  1.1175000e+000  8.6696367e-001
  1.1200000e+000  8.6166578e-001
  1.1225000e+000  8.5626569e-001
  1.1250000e+000  8.5076543e-001
  1.1275000e+000  8.4516713e-001
  1.1300000e+000  8.3947302e-001
  1.1325000e+000  8.3368542e-001
  1.1350000e+000  8.2780673e-001
  1.1375000e+000  8.2183944e-001
  1.1400000e+000  8.1578612e-001
  1.1425000e+000  8.0964943e-001
  1.1450000e+000  8.0343209e-001
  1.1475000e+000  7.9713691e-001
  1.1500000e+000  7.9076673e-001
  1.1525000e+000  7.8432451e-001
  1.1550000e+000  7.7781321e-001
  1.1575000e+000  7.7123590e-001
  1.1600000e+000  7.6459566e-001
  1.1625000e+000  7.5789564e-001
  1.1650000e+000  7.5113904e-001
  1.1675000e+000  7.4432906e-001
  1.1700000e+000  7.3746898e-001
  1.1725000e+000  7.3056209e-001
  1.1750000e+000  7.2361171e-001
  1.1775000e+000  7.1662117e-001
  1.1800000e+000  7.0959382e-001
  1.1825000e+000  7.0253304e-001
  1.1850000e+000  6.9544219e-001
  1.1875000e+000  6.8832466e-001
  1.1900000e+000  6.8118382e-001
  1.1925000e+000  6.7402303e-001
  1.1950000e+000  6.6684566e-001
  1.1975000e+000  6.5965505e-001
  1.2000000e+000  6.5245453e-001
  1.2025000e+000  6.4524738e-001
  1.2050000e+000  6.3803689e-001
  1.2075000e+000  6.3082629e-001
  1.2100000e+000  6.2361879e-001
  1.2125000e+000  6.1641756e-001
  1.2150000e+000  6.0922570e-001
  1.2175000e+000  6.0204630e-001
  1.2200000e+000  5.9488236e-001
  1.2225000e+000  5.8773687e-001
  1.2250000e+000  5.8061272e-001
  1.2275000e+000  5.7351276e-001
  1.2300000e+000  5.6643977e-001
  1.2325000e+000  5.5939647e-001
  1.2350000e+000  5.5238549e-001
  1.2375000e+000  5.4540939e-001
  1.2400000e+000  5.3847069e-001
  1.2425000e+000  5.3157178e-001
  1.2450000e+000  5.2471501e-001
  1.2475000e+000  5.1790263e-001
  1.2500000e+000  5.1113679e-001
  1.2525000e+000  5.0441959e-001
  1.2550000e+000  4.9775302e-001
  1.2575000e+000  4.9113899e-001
  1.2600000e+000  4.8457930e-001
  1.2625000e+000  4.7807569e-001
  1.2650000e+000  4.7162979e-001
  1.2675000e+000  4.6524313e-001
  1.2700000e+000  4.5891717e-001
  1.2725000e+000  4.5265327e-001
  1.2750000e+000  4.4645268e-001
  1.2775000e+000  4.4031658e-001
  1.2800000e+000  4.3424604e-001
  1.2825000e+000  4.2824206e-001
  1.2850000e+000  4.2230551e-001
  1.2875000e+000  4.1643722e-001
  1.2900000e+000  4.1063788e-001
  1.2925000e+000  4.0490813e-001
  1.2950000e+000  3.9924850e-001
  1.2975000e+000  3.9365945e-001
  1.3000000e+000  3.8814135e-001
  1.3025000e+000  3.8269447e-001
  1.3050000e+000  3.7731903e-001
  1.3075000e+000  3.7201514e-001
  1.3100000e+000  3.6678286e-001
  1.3125000e+000  3.6162216e-001
  1.3150000e+000  3.5653294e-001
  1.3175000e+000  3.5151503e-001
  1.3200000e+000  3.4656820e-001
  1.3225000e+000  3.4169213e-001
  1.3250000e+000  3.3688648e-001
  1.3275000e+000  3.3215081e-001
  1.3300000e+000  3.2748464e-001
  1.3325000e+000  3.2288744e-001
  1.3350000e+000  3.1835862e-001
  1.3375000e+000  3.1389754e-001
  1.3400000e+000  3.0950352e-001
  1.3425000e+000  3.0517585e-001
  1.3450000e+000  3.0091376e-001
  1.3475000e+000  2.9671644e-001
  1.3500000e+000  2.9258307e-001
  1.3525000e+000  2.8851278e-001
  1.3550000e+000  2.8450469e-001
  1.3575000e+000  2.8055787e-001
  1.3600000e+000  2.7667138e-001
  1.3625000e+000  2.7284428e-001
  1.3650000e+000  2.6907559e-001
  1.3675000e+000  2.6536433e-001
  1.3700000e+000  2.6170950e-001
  1.3725000e+000  2.5811010e-001
  1.3750000e+000  2.5456512e-001
  1.3775000e+000  2.5107356e-001
  1.3800000e+000  2.4763440e-001
  1.3825000e+000  2.4424663e-001
  1.3850000e+000  2.4090927e-001
  1.3875000e+000  2.3762130e-001
  1.3900000e+000  2.3438176e-001
  1.3925000e+000  2.3118967e-001
  1.3950000e+000  2.2804406e-001
  1.3975000e+000  2.2494400e-001
  1.4000000e+000  2.2188856e-001
  1.4025000e+000  2.1887684e-001
  1.4050000e+000  2.1590795e-001
  1.4075000e+000  2.1298102e-001
  1.4100000e+000  2.1009522e-001
  1.4125000e+000  2.0724973e-001
  1.4150000e+000  2.0444376e-001
  1.4175000e+000  2.0167655e-001
  1.4200000e+000  1.9894736e-001
  1.4225000e+000  1.9625549e-001
  1.4250000e+000  1.9360026e-001
  1.4275000e+000  1.9098102e-001
  1.4300000e+000  1.8839716e-001
  1.4325000e+000  1.8584809e-001
  1.4350000e+000  1.8333324e-001
  1.4375000e+000  1.8085210e-001
  1.4400000e+000  1.7840418e-001
  1.4425000e+000  1.7598899e-001
  1.4450000e+000  1.7360612e-001
  1.4475000e+000  1.7125515e-001
  1.4500000e+000  1.6893571e-001
  1.4525000e+000  1.6664746e-001
  1.4550000e+000  1.6439007e-001
  1.4575000e+000  1.6216326e-001
  1.4600000e+000  1.5996676e-001
  1.4625000e+000  1.5780034e-001
  1.4650000e+000  1.5566377e-001
  1.4675000e+000  1.5355688e-001
  1.4700000e+000  1.5147950e-001
  1.4725000e+000  1.4943149e-001
  1.4750000e+000  1.4741271e-001
  1.4775000e+000  1.4542308e-001
  1.4800000e+000  1.4346249e-001
  1.4825000e+000  1.4153089e-001
  1.4850000e+000  1.3962822e-001
  1.4875000e+000  1.3775444e-001
  1.4900000e+000  1.3590953e-001
  1.4925000e+000  1.3409346e-001
  1.4950000e+000  1.3230624e-001
  1.4975000e+000  1.3054786e-001
  1.5000000e+000  1.2881834e-001
  1.5025000e+000  1.2711769e-001
  1.5050000e+000  1.2544592e-001
  1.5075000e+000  1.2380307e-001
  1.5100000e+000  1.2218915e-001
  1.5125000e+000  1.2060419e-001
  1.5150000e+000  1.1904820e-001
  1.5175000e+000  1.1752120e-001
  1.5200000e+000  1.1602321e-001
  1.5225000e+000  1.1455423e-001
  1.5250000e+000  1.1311427e-001
  1.5275000e+000  1.1170331e-001
  1.5300000e+000  1.1032134e-001
  1.5325000e+000  1.0896834e-001
  1.5350000e+000  1.0764425e-001
  1.5375000e+000  1.0634904e-001
  1.5400000e+000  1.0508264e-001
  1.5425000e+000  1.0384496e-001
  1.5450000e+000  1.0263593e-001
  1.5475000e+000  1.0145542e-001
  1.5500000e+000  1.0030332e-001
  1.5525000e+000  9.9179481e-002
  1.5550000e+000  9.8083745e-002
  1.5575000e+000  9.7015935e-002
  1.5600000e+000  9.5975857e-002
  1.5625000e+000  9.4963297e-002
  1.5650000e+000  9.3978023e-002
  1.5675000e+000  9.3019785e-002
  1.5700000e+000  9.2088311e-002
  1.5725000e+000  9.1183315e-002
  1.5750000e+000  9.0304487e-002
  1.5775000e+000  8.9451503e-002
  1.5800000e+000  8.8624017e-002
  1.5825000e+000  8.7821667e-002
  1.5850000e+000  8.7044072e-002
  1.5875000e+000  8.6290835e-002
  1.5900000e+000  8.5561540e-002
  1.5925000e+000  8.4855756e-002
  1.5950000e+000  8.4173036e-002
  1.5975000e+000  8.3512918e-002
  1.6000000e+000  8.2874926e-002
  1.6025000e+000  8.2258569e-002
  1.6050000e+000  8.1663345e-002
  1.6075000e+000  8.1088738e-002
  1.6100000e+000  8.0534223e-002
  1.6125000e+000  7.9999263e-002
  1.6150000e+000  7.9483314e-002
  1.6175000e+000  7.8985821e-002
  1.6200000e+000  7.8506224e-002
  1.6225000e+000  7.8043957e-002
  1.6250000e+000  7.7598447e-002
  1.6275000e+000  7.7169118e-002
  1.6300000e+000  7.6755394e-002
  1.6325000e+000  7.6356692e-002
  1.6350000e+000  7.5972432e-002
  1.6375000e+000  7.5602035e-002
  1.6400000e+000  7.5244921e-002
  1.6425000e+000  7.4900513e-002
  1.6450000e+000  7.4568241e-002
  1.6475000e+000  7.4247537e-002
  1.6500000e+000  7.3937839e-002
  1.6525000e+000  7.3638593e-002
  1.6550000e+000  7.3349253e-002
  1.6575000e+000  7.3069281e-002
  1.6600000e+000  7.2798151e-002
  1.6625000e+000  7.2535346e-002
  1.6650000e+000  7.2280362e-002
  1.6675000e+000  7.2032706e-002
  1.6700000e+000  7.1791902e-002
  1.6725000e+000  7.1557484e-002
  1.6750000e+000  7.1329004e-002
  1.6775000e+000  7.1106028e-002
  1.6800000e+000  7.0888140e-002
  1.6825000e+000  7.0674940e-002
  1.6850000e+000  7.0466045e-002
  1.6875000e+000  7.0261089e-002
  1.6900000e+000  7.0059728e-002
  1.6925000e+000  6.9861633e-002
  1.6950000e+000  6.9666496e-002
  1.6975000e+000  6.9474026e-002
  1.7000000e+000  6.9283955e-002
  1.7025000e+000  6.9096031e-002
  1.7050000e+000  6.8910023e-002
  1.7075000e+000  6.8725720e-002
  1.7100000e+000  6.8542931e-002
  1.7125000e+000  6.8361482e-002
  1.7150000e+000  6.8181222e-002
  1.7175000e+000  6.8002016e-002
  1.7200000e+000  6.7823748e-002
  1.7225000e+000  6.7646324e-002
  1.7250000e+000  6.7469663e-002
  1.7275000e+000  6.7293705e-002
  1.7300000e+000  6.7118406e-002
  1.7325000e+000  6.6943740e-002
  1.7350000e+000  6.6769695e-002
  1.7375000e+000  6.6596277e-002
  1.7400000e+000  6.6423504e-002
  1.7425000e+000  6.6251411e-002
  1.7450000e+000  6.6080044e-002
  1.7475000e+000  6.5909463e-002
  1.7500000e+000  6.5739740e-002
  1.7525000e+000  6.5570958e-002
  1.7550000e+000  6.5403210e-002
  1.7575000e+000  6.5236598e-002
  1.7600000e+000  6.5071232e-002
  1.7625000e+000  6.4907233e-002
  1.7650000e+000  6.4744724e-002
  1.7675000e+000  6.4583837e-002
  1.7700000e+000  6.4424708e-002
  1.7725000e+000  6.4267478e-002
  1.7750000e+000  6.4112288e-002
  1.7775000e+000  6.3959285e-002
  1.7800000e+000  6.3808614e-002
  1.7825000e+000  6.3660423e-002
  1.7850000e+000  6.3514859e-002
  1.7875000e+000  6.3372065e-002
  1.7900000e+000  6.3232185e-002
  1.7925000e+000  6.3095358e-002
  1.7950000e+000  6.2961721e-002
  1.7975000e+000  6.2831404e-002
  1.8000000e+000  6.2704533e-002
  1.8025000e+000  6.2581227e-002
  1.8050000e+000  6.2461600e-002
  1.8075000e+000  6.2345757e-002
  1.8100000e+000  6.2233795e-002
  1.8125000e+000  6.2125803e-002
  1.8150000e+000  6.2021860e-002
  1.8175000e+000  6.1922037e-002
  1.8200000e+000  6.1826394e-002
  1.8225000e+000  6.1734980e-002
  1.8250000e+000  6.1647833e-002
  1.8275000e+000  6.1564982e-002
  1.8300000e+000  6.1486442e-002
  1.8325000e+000  6.1412218e-002
  1.8350000e+000  6.1342304e-002
  1.8375000e+000  6.1276679e-002
  1.8400000e+000  6.1215314e-002
  1.8425000e+000  6.1158166e-002
  1.8450000e+000  6.1105181e-002
  1.8475000e+000  6.1056292e-002
  1.8500000e+000  6.1011421e-002
  1.8525000e+000  6.0970480e-002
  1.8550000e+000  6.0933368e-002
  1.8575000e+000  6.0899974e-002
  1.8600000e+000  6.0870177e-002
  1.8625000e+000  6.0843844e-002
  1.8650000e+000  6.0820833e-002
  1.8675000e+000  6.0800995e-002
  1.8700000e+000  6.0784168e-002
  1.8725000e+000  6.0770185e-002
  1.8750000e+000  6.0758870e-002
  1.8775000e+000  6.0750040e-002
  1.8800000e+000  6.0743505e-002
  1.8825000e+000  6.0739071e-002
  1.8850000e+000  6.0736535e-002
  1.8875000e+000  6.0735694e-002
  1.8900000e+000  6.0736337e-002
  1.8925000e+000  6.0738253e-002
  1.8950000e+000  6.0741228e-002
  1.8975000e+000  6.0745046e-002
  1.9000000e+000  6.0749489e-002
  1.9025000e+000  6.0754341e-002
  1.9050000e+000  6.0759386e-002
  1.9075000e+000  6.0764408e-002
  1.9100000e+000  6.0769197e-002
  1.9125000e+000  6.0773543e-002
  1.9150000e+000  6.0777239e-002
  1.9175000e+000  6.0780086e-002
  1.9200000e+000  6.0781887e-002
  1.9225000e+000  6.0782454e-002
  1.9250000e+000  6.0781603e-002
  1.9275000e+000  6.0779159e-002
  1.9300000e+000  6.0774954e-002
  1.9325000e+000  6.0768829e-002
  1.9350000e+000  6.0760636e-002
  1.9375000e+000  6.0750235e-002
  1.9400000e+000  6.0737496e-002
  1.9425000e+000  6.0722301e-002
  1.9450000e+000  6.0704543e-002
  1.9475000e+000  6.0684126e-002
  1.9500000e+000  6.0660969e-002
  1.9525000e+000  6.0634999e-002
  1.9550000e+000  6.0606160e-002
  1.9575000e+000  6.0574407e-002
  1.9600000e+000  6.0539707e-002
  1.9625000e+000  6.0502045e-002
  1.9650000e+000  6.0461414e-002
  1.9675000e+000  6.0417824e-002
  1.9700000e+000  6.0371299e-002
  1.9725000e+000  6.0321874e-002
  1.9750000e+000  6.0269599e-002
  1.9775000e+000  6.0214539e-002
  1.9800000e+000  6.0156770e-002
  1.9825000e+000  6.0096383e-002
  1.9850000e+000  6.0033479e-002
  1.9875000e+000  5.9968174e-002
  1.9900000e+000  5.9900596e-002
  1.9925000e+000  5.9830883e-002
  1.9950000e+000  5.9759186e-002
  1.9975000e+000  5.9685667e-002
  2.0000000e+000  5.9610497e-002
  2.0025000e+000  5.9533858e-002
  2.0050000e+000  5.9455939e-002
  2.0075000e+000  5.9376941e-002
  2.0100000e+000  5.9297071e-002
  2.0125000e+000  5.9216542e-002
  2.0150000e+000  5.9135575e-002
  2.0175000e+000  5.9054397e-002
  2.0200000e+000  5.8973238e-002
  2.0225000e+000  5.8892336e-002
  2.0250000e+000  5.8811927e-002
  2.0275000e+000  5.8732255e-002
  2.0300000e+000  5.8653561e-002
  2.0325000e+000  5.8576089e-002
  2.0350000e+000  5.8500084e-002
  2.0375000e+000  5.8425788e-002
  2.0400000e+000  5.8353443e-002
  2.0425000e+000  5.8283286e-002
  2.0450000e+000  5.8215553e-002
  2.0475000e+000  5.8150474e-002
  2.0500000e+000  5.8088275e-002
  2.0525000e+000  5.8029175e-002
  2.0550000e+000  5.7973387e-002
  2.0575000e+000  5.7921114e-002
  2.0600000e+000  5.7872554e-002
  2.0625000e+000  5.7827893e-002
  2.0650000e+000  5.7787308e-002
  2.0675000e+000  5.7750967e-002
  2.0700000e+000  5.7719023e-002
  2.0725000e+000  5.7691619e-002
  2.0750000e+000  5.7668887e-002
  2.0775000e+000  5.7650943e-002
  2.0800000e+000  5.7637890e-002
  2.0825000e+000  5.7629819e-002
  2.0850000e+000  5.7626802e-002
  2.0875000e+000  5.7628900e-002
  2.0900000e+000  5.7636156e-002
  2.0925000e+000  5.7648598e-002
  2.0950000e+000  5.7666240e-002
  2.0975000e+000  5.7689075e-002
  2.1000000e+000  5.7717084e-002
  2.1025000e+000  5.7750230e-002
  2.1050000e+000  5.7788458e-002
  2.1075000e+000  5.7831698e-002
  2.1100000e+000  5.7879864e-002
  2.1125000e+000  5.7932850e-002
  2.1150000e+000  5.7990538e-002
  2.1175000e+000  5.8052792e-002
  2.1200000e+000  5.8119458e-002
  2.1225000e+000  5.8190370e-002
  2.1250000e+000  5.8265345e-002
  2.1275000e+000  5.8344184e-002
  2.1300000e+000  5.8426675e-002
  2.1325000e+000  5.8512592e-002
  2.1350000e+000  5.8601695e-002
  2.1375000e+000  5.8693733e-002
  2.1400000e+000  5.8788439e-002
  2.1425000e+000  5.8885538e-002
  2.1450000e+000  5.8984743e-002
  2.1475000e+000  5.9085757e-002
  2.1500000e+000  5.9188273e-002
  2.1525000e+000  5.9291977e-002
  2.1550000e+000  5.9396545e-002
  2.1575000e+000  5.9501650e-002
  2.1600000e+000  5.9606955e-002
  2.1625000e+000  5.9712120e-002
  2.1650000e+000  5.9816803e-002
  2.1675000e+000  5.9920655e-002
  2.1700000e+000  6.0023327e-002
  2.1725000e+000  6.0124469e-002
  2.1750000e+000  6.0223731e-002
  2.1775000e+000  6.0320764e-002
  2.1800000e+000  6.0415220e-002
  2.1825000e+000  6.0506755e-002
  2.1850000e+000  6.0595028e-002
  2.1875000e+000  6.0679703e-002
  2.1900000e+000  6.0760451e-002
  2.1925000e+000  6.0836949e-002
  2.1950000e+000  6.0908882e-002
  2.1975000e+000  6.0975943e-002
  2.2000000e+000  6.1037837e-002
  2.2025000e+000  6.1094276e-002
  2.2050000e+000  6.1144987e-002
  2.2075000e+000  6.1189708e-002
  2.2100000e+000  6.1228189e-002
  2.2125000e+000  6.1260195e-002
  2.2150000e+000  6.1285506e-002
  2.2175000e+000  6.1303916e-002
  2.2200000e+000  6.1315236e-002
  2.2225000e+000  6.1319294e-002
  2.2250000e+000  6.1315934e-002
  2.2275000e+000  6.1305018e-002
  2.2300000e+000  6.1286426e-002
  2.2325000e+000  6.1260058e-002
  2.2350000e+000  6.1225831e-002
  2.2375000e+000  6.1183683e-002
  2.2400000e+000  6.1133570e-002
  2.2425000e+000  6.1075468e-002
  2.2450000e+000  6.1009375e-002
  2.2475000e+000  6.0935306e-002
  2.2500000e+000  6.0853299e-002
  2.2525000e+000  6.0763409e-002
  2.2550000e+000  6.0665714e-002
  2.2575000e+000  6.0560310e-002
  2.2600000e+000  6.0447312e-002
  2.2625000e+000  6.0326858e-002
  2.2650000e+000  6.0199101e-002
  2.2675000e+000  6.0064215e-002
  2.2700000e+000  5.9922392e-002
  2.2725000e+000  5.9773843e-002
  2.2750000e+000  5.9618796e-002
  2.2775000e+000  5.9457493e-002
  2.2800000e+000  5.9290198e-002
  2.2825000e+000  5.9117186e-002
  2.2850000e+000  5.8938748e-002
  2.2875000e+000  5.8755192e-002
  2.2900000e+000  5.8566836e-002
  2.2925000e+000  5.8374012e-002
  2.2950000e+000  5.8177065e-002
  2.2975000e+000  5.7976350e-002
  2.3000000e+000  5.7772232e-002
  2.3025000e+000  5.7565085e-002
  2.3050000e+000  5.7355292e-002
  2.3075000e+000  5.7143242e-002
  2.3100000e+000  5.6929332e-002
  2.3125000e+000  5.6713962e-002
  2.3150000e+000  5.6497539e-002
  2.3175000e+000  5.6280469e-002
  2.3200000e+000  5.6063164e-002
  2.3225000e+000  5.5846036e-002
  2.3250000e+000  5.5629494e-002
  2.3275000e+000  5.5413950e-002
  2.3300000e+000  5.5199811e-002
  2.3325000e+000  5.4987483e-002
  2.3350000e+000  5.4777365e-002
  2.3375000e+000  5.4569853e-002
  2.3400000e+000  5.4365336e-002
  2.3425000e+000  5.4164195e-002
  2.3450000e+000  5.3966803e-002
  2.3475000e+000  5.3773524e-002
  2.3500000e+000  5.3584712e-002
  2.3525000e+000  5.3400711e-002
  2.3550000e+000  5.3221850e-002
  2.3575000e+000  5.3048448e-002
  2.3600000e+000  5.2880810e-002
  2.3625000e+000  5.2719226e-002
  2.3650000e+000  5.2563972e-002
  2.3675000e+000  5.2415308e-002
  2.3700000e+000  5.2273477e-002
  2.3725000e+000  5.2138706e-002
  2.3750000e+000  5.2011206e-002
  2.3775000e+000  5.1891168e-002
  2.3800000e+000  5.1778765e-002
  2.3825000e+000  5.1674154e-002
  2.3850000e+000  5.1577469e-002
  2.3875000e+000  5.1488829e-002
  2.3900000e+000  5.1408332e-002
  2.3925000e+000  5.1336055e-002
  2.3950000e+000  5.1272058e-002
  2.3975000e+000  5.1216380e-002
  2.4000000e+000  5.1169040e-002
  2.4025000e+000  5.1130040e-002
  2.4050000e+000  5.1099359e-002
  2.4075000e+000  5.1076959e-002
  2.4100000e+000  5.1062783e-002
  2.4125000e+000  5.1056756e-002
  2.4150000e+000  5.1058782e-002
  2.4175000e+000  5.1068749e-002
  2.4200000e+000  5.1086527e-002
  2.4225000e+000  5.1111970e-002
  2.4250000e+000  5.1144915e-002
  2.4275000e+000  5.1185182e-002
  2.4300000e+000  5.1232576e-002
  2.4325000e+000  5.1286888e-002
  2.4350000e+000  5.1347896e-002
  2.4375000e+000  5.1415362e-002
  2.4400000e+000  5.1489039e-002
  2.4425000e+000  5.1568665e-002
  2.4450000e+000  5.1653970e-002
  2.4475000e+000  5.1744672e-002
  2.4500000e+000  5.1840481e-002
  2.4525000e+000  5.1941099e-002
  2.4550000e+000  5.2046219e-002
  2.4575000e+000  5.2155530e-002
  2.4600000e+000  5.2268714e-002
  2.4625000e+000  5.2385449e-002
  2.4650000e+000  5.2505410e-002
  2.4675000e+000  5.2628268e-002
  2.4700000e+000  5.2753695e-002
  2.4725000e+000  5.2881359e-002
  2.4750000e+000  5.3010932e-002
  2.4775000e+000  5.3142084e-002
  2.4800000e+000  5.3274490e-002
  2.4825000e+000  5.3407826e-002
  2.4850000e+000  5.3541773e-002
  2.4875000e+000  5.3676016e-002
  2.4900000e+000  5.3810249e-002
  2.4925000e+000  5.3944168e-002
  2.4950000e+000  5.4077481e-002
  2.4975000e+000  5.4209900e-002
  2.5000000e+000  5.4341149e-002
  2.5025000e+000  5.4470961e-002
  2.5050000e+000  5.4599078e-002
  2.5075000e+000  5.4725256e-002
  2.5100000e+000  5.4849260e-002
  2.5125000e+000  5.4970868e-002
  2.5150000e+000  5.5089871e-002
  2.5175000e+000  5.5206074e-002
  2.5200000e+000  5.5319293e-002
  2.5225000e+000  5.5429362e-002
  2.5250000e+000  5.5536127e-002
  2.5275000e+000  5.5639447e-002
  2.5300000e+000  5.5739200e-002
  2.5325000e+000  5.5835276e-002
  2.5350000e+000  5.5927583e-002
  2.5375000e+000  5.6016040e-002
  2.5400000e+000  5.6100586e-002
  2.5425000e+000  5.6181174e-002
  2.5450000e+000  5.6257770e-002
  2.5475000e+000  5.6330359e-002
  2.5500000e+000  5.6398938e-002
  2.5525000e+000  5.6463521e-002
  2.5550000e+000  5.6524135e-002
  2.5575000e+000  5.6580823e-002
  2.5600000e+000  5.6633641e-002
  2.5625000e+000  5.6682659e-002
  2.5650000e+000  5.6727959e-002
  2.5675000e+000  5.6769639e-002
  2.5700000e+000  5.6807804e-002
  2.5725000e+000  5.6842577e-002
  2.5750000e+000  5.6874087e-002
  2.5775000e+000  5.6902476e-002
  2.5800000e+000  5.6927895e-002
  2.5825000e+000  5.6950504e-002
  2.5850000e+000  5.6970474e-002
  2.5875000e+000  5.6987981e-002
  2.5900000e+000  5.7003208e-002
  2.5925000e+000  5.7016347e-002
  2.5950000e+000  5.7027592e-002
  2.5975000e+000  5.7037145e-002
  2.6000000e+000  5.7045211e-002
  2.6025000e+000  5.7051996e-002
  2.6050000e+000  5.7057711e-002
  2.6075000e+000  5.7062568e-002
  2.6100000e+000  5.7066779e-002
  2.6125000e+000  5.7070556e-002
  2.6150000e+000  5.7074111e-002
  2.6175000e+000  5.7077653e-002
  2.6200000e+000  5.7081389e-002
  2.6225000e+000  5.7085524e-002
  2.6250000e+000  5.7090257e-002
  2.6275000e+000  5.7095783e-002
  2.6300000e+000  5.7102291e-002
  2.6325000e+000  5.7109966e-002
  2.6350000e+000  5.7118983e-002
  2.6375000e+000  5.7129513e-002
  2.6400000e+000  5.7141715e-002
  2.6425000e+000  5.7155742e-002
  2.6450000e+000  5.7171736e-002
  2.6475000e+000  5.7189832e-002
  2.6500000e+000  5.7210152e-002
  2.6525000e+000  5.7232808e-002
  2.6550000e+000  5.7257902e-002
  2.6575000e+000  5.7285522e-002
  2.6600000e+000  5.7315748e-002
  2.6625000e+000  5.7348644e-002
  2.6650000e+000  5.7384265e-002
  2.6675000e+000  5.7422651e-002
  2.6700000e+000  5.7463831e-002
  2.6725000e+000  5.7507821e-002
  2.6750000e+000  5.7554624e-002
  2.6775000e+000  5.7604230e-002
  2.6800000e+000  5.7656616e-002
  2.6825000e+000  5.7711748e-002
  2.6850000e+000  5.7769577e-002
  2.6875000e+000  5.7830044e-002
  2.6900000e+000  5.7893077e-002
  2.6925000e+000  5.7958590e-002
  2.6950000e+000  5.8026490e-002
  2.6975000e+000  5.8096668e-002
  2.7000000e+000  5.8169008e-002
  2.7025000e+000  5.8243381e-002
  2.7050000e+000  5.8319649e-002
  2.7075000e+000  5.8397665e-002
  2.7100000e+000  5.8477271e-002
  2.7125000e+000  5.8558304e-002
  2.7150000e+000  5.8640590e-002
  2.7175000e+000  5.8723949e-002
  2.7200000e+000  5.8808195e-002
  2.7225000e+000  5.8893136e-002
  2.7250000e+000  5.8978574e-002
  2.7275000e+000  5.9064307e-002
  2.7300000e+000  5.9150129e-002
  2.7325000e+000  5.9235832e-002
  2.7350000e+000  5.9321203e-002
  2.7375000e+000  5.9406030e-002
  2.7400000e+000  5.9490100e-002
  2.7425000e+000  5.9573198e-002
  2.7450000e+000  5.9655112e-002
  2.7475000e+000  5.9735631e-002
  2.7500000e+000  5.9814545e-002
  2.7525000e+000  5.9891648e-002
  2.7550000e+000  5.9966737e-002
  2.7575000e+000  6.0039614e-002
  2.7600000e+000  6.0110086e-002
  2.7625000e+000  6.0177967e-002
  2.7650000e+000  6.0243075e-002
  2.7675000e+000  6.0305237e-002
  2.7700000e+000  6.0364288e-002
  2.7725000e+000  6.0420070e-002
  2.7750000e+000  6.0472435e-002
  2.7775000e+000  6.0521245e-002
  2.7800000e+000  6.0566370e-002
  2.7825000e+000  6.0607693e-002
  2.7850000e+000  6.0645106e-002
  2.7875000e+000  6.0678514e-002
  2.7900000e+000  6.0707833e-002
  2.7925000e+000  6.0732990e-002
  2.7950000e+000  6.0753926e-002
  2.7975000e+000  6.0770595e-002
  2.8000000e+000  6.0782960e-002
  2.8025000e+000  6.0791003e-002
  2.8050000e+000  6.0794713e-002
  2.8075000e+000  6.0794097e-002
  2.8100000e+000  6.0789172e-002
  2.8125000e+000  6.0779970e-002
  2.8150000e+000  6.0766534e-002
  2.8175000e+000  6.0748923e-002
  2.8200000e+000  6.0727206e-002
  2.8225000e+000  6.0701467e-002
  2.8250000e+000  6.0671800e-002
  2.8275000e+000  6.0638313e-002
  2.8300000e+000  6.0601124e-002
  2.8325000e+000  6.0560366e-002
  2.8350000e+000  6.0516178e-002
  2.8375000e+000  6.0468713e-002
  2.8400000e+000  6.0418135e-002
  2.8425000e+000  6.0364613e-002
  2.8450000e+000  6.0308330e-002
  2.8475000e+000  6.0249476e-002
  2.8500000e+000  6.0188246e-002
  2.8525000e+000  6.0124846e-002
  2.8550000e+000  6.0059488e-002
  2.8575000e+000  5.9992387e-002
  2.8600000e+000  5.9923768e-002
  2.8625000e+000  5.9853856e-002
  2.8650000e+000  5.9782883e-002
  2.8675000e+000  5.9711081e-002
  2.8700000e+000  5.9638688e-002
  2.8725000e+000  5.9565940e-002
  2.8750000e+000  5.9493077e-002
  2.8775000e+000  5.9420336e-002
  2.8800000e+000  5.9347955e-002
  2.8825000e+000  5.9276170e-002
  2.8850000e+000  5.9205215e-002
  2.8875000e+000  5.9135321e-002
  2.8900000e+000  5.9066714e-002
  2.8925000e+000  5.8999618e-002
  2.8950000e+000  5.8934249e-002
  2.8975000e+000  5.8870819e-002
  2.9000000e+000  5.8809532e-002
  2.9025000e+000  5.8750587e-002
  2.9050000e+000  5.8694173e-002
  2.9075000e+000  5.8640471e-002
  2.9100000e+000  5.8589654e-002
  2.9125000e+000  5.8541884e-002
  2.9150000e+000  5.8497315e-002
  2.9175000e+000  5.8456090e-002
  2.9200000e+000  5.8418338e-002
  2.9225000e+000  5.8384182e-002
  2.9250000e+000  5.8353730e-002
  2.9275000e+000  5.8327078e-002
  2.9300000e+000  5.8304312e-002
  2.9325000e+000  5.8285503e-002
  2.9350000e+000  5.8270712e-002
  2.9375000e+000  5.8259986e-002
  2.9400000e+000  5.8253359e-002
  2.9425000e+000  5.8250854e-002
  2.9450000e+000  5.8252480e-002
  2.9475000e+000  5.8258232e-002
  2.9500000e+000  5.8268096e-002
  2.9525000e+000  5.8282043e-002
  2.9550000e+000  5.8300033e-002
  2.9575000e+000  5.8322013e-002
  2.9600000e+000  5.8347919e-002
  2.9625000e+000  5.8377678e-002
  2.9650000e+000  5.8411203e-002
  2.9675000e+000  5.8448397e-002
  2.9700000e+000  5.8489155e-002
  2.9725000e+000  5.8533361e-002
  2.9750000e+000  5.8580892e-002
  2.9775000e+000  5.8631614e-002
  2.9800000e+000  5.8685387e-002
  2.9825000e+000  5.8742064e-002
  2.9850000e+000  5.8801492e-002
  2.9875000e+000  5.8863511e-002
  2.9900000e+000  5.8927958e-002
  2.9925000e+000  5.8994664e-002
  2.9950000e+000  5.9063458e-002
  2.9975000e+000  5.9134166e-002
  3.0000000e+000  5.9206612e-002
  3.0025000e+000  5.9280619e-002
  3.0050000e+000  5.9356010e-002
  3.0075000e+000  5.9432610e-002
  3.0100000e+000  5.9510243e-002
  3.0125000e+000  5.9588737e-002
  3.0150000e+000  5.9667923e-002
  3.0175000e+000  5.9747636e-002
  3.0200000e+000  5.9827714e-002
  3.0225000e+000  5.9908004e-002
  3.0250000e+000  5.9988356e-002
  3.0275000e+000  6.0068629e-002
  3.0300000e+000  6.0148688e-002
  3.0325000e+000  6.0228410e-002
  3.0350000e+000  6.0307677e-002
  3.0375000e+000  6.0386384e-002
  3.0400000e+000  6.0464434e-002
  3.0425000e+000  6.0541743e-002
  3.0450000e+000  6.0618237e-002
  3.0475000e+000  6.0693855e-002
  3.0500000e+000  6.0768547e-002
  3.0525000e+000  6.0842279e-002
  3.0550000e+000  6.0915027e-002
  3.0575000e+000  6.0986782e-002
  3.0600000e+000  6.1057548e-002
  3.0625000e+000  6.1127344e-002
  3.0650000e+000  6.1196203e-002
  3.0675000e+000  6.1264171e-002
  3.0700000e+000  6.1331309e-002
  3.0725000e+000  6.1397693e-002
  3.0750000e+000  6.1463412e-002
  3.0775000e+000  6.1528569e-002
  3.0800000e+000  6.1593283e-002
  3.0825000e+000  6.1657682e-002
  3.0850000e+000  6.1721912e-002
  3.0875000e+000  6.1786130e-002
  3.0900000e+000  6.1850504e-002
  3.0925000e+000  6.1915216e-002
  3.0950000e+000  6.1980458e-002
  3.0975000e+000  6.2046435e-002
  3.1000000e+000  6.2113359e-002
  3.1025000e+000  6.2181453e-002
  3.1050000e+000  6.2250950e-002
  3.1075000e+000  6.2322089e-002
  3.1100000e+000  6.2395117e-002
  3.1125000e+000  6.2470286e-002
  3.1150000e+000  6.2547854e-002
  3.1175000e+000  6.2628085e-002
  3.1200000e+000  6.2711243e-002
  3.1225000e+000  6.2797596e-002
  3.1250000e+000  6.2887414e-002
  3.1275000e+000  6.2980965e-002
  3.1300000e+000  6.3078518e-002
  3.1325000e+000  6.3180338e-002
  3.1350000e+000  6.3286688e-002
  3.1375000e+000  6.3397826e-002
  3.1400000e+000  6.3514004e-002
  3.1425000e+000  6.3635468e-002
  3.1450000e+000  6.3762456e-002
  3.1475000e+000  6.3895195e-002
  3.1500000e+000  6.4033904e-002
  3.1525000e+000  6.4178790e-002
  3.1550000e+000  6.4330046e-002
  3.1575000e+000  6.4487854e-002
  3.1600000e+000  6.4652377e-002
  3.1625000e+000  6.4823767e-002
  3.1650000e+000  6.5002156e-002
  3.1675000e+000  6.5187659e-002
  3.1700000e+000  6.5380372e-002
  3.1725000e+000  6.5580372e-002
  3.1750000e+000  6.5787714e-002
  3.1775000e+000  6.6002433e-002
  3.1800000e+000  6.6224542e-002
  3.1825000e+000  6.6454031e-002
  3.1850000e+000  6.6690865e-002
  3.1875000e+000  6.6934986e-002
  3.1900000e+000  6.7186314e-002
  3.1925000e+000  6.7444741e-002
  3.1950000e+000  6.7710135e-002
  3.1975000e+000  6.7982339e-002
  3.2000000e+000  6.8261168e-002
  3.2025000e+000  6.8546415e-002
  3.2050000e+000  6.8837845e-002
  3.2075000e+000  6.9135197e-002
  3.2100000e+000  6.9438185e-002
  3.2125000e+000  6.9746499e-002
  3.2150000e+000  7.0059802e-002
  3.2175000e+000  7.0377735e-002
  3.2200000e+000  7.0699911e-002
  3.2225000e+000  7.1025923e-002
  3.2250000e+000  7.1355341e-002
  3.2275000e+000  7.1687711e-002
  3.2300000e+000  7.2022561e-002
  3.2325000e+000  7.2359396e-002
  3.2350000e+000  7.2697702e-002
  3.2375000e+000  7.3036951e-002
  3.2400000e+000  7.3376593e-002
  3.2425000e+000  7.3716066e-002
  3.2450000e+000  7.4054794e-002
  3.2475000e+000  7.4392185e-002
  3.2500000e+000  7.4727640e-002
  3.2525000e+000  7.5060549e-002
  3.2550000e+000  7.5390293e-002
  3.2575000e+000  7.5716249e-002
  3.2600000e+000  7.6037788e-002
  3.2625000e+000  7.6354280e-002
  3.2650000e+000  7.6665093e-002
  3.2675000e+000  7.6969598e-002
  3.2700000e+000  7.7267168e-002
  3.2725000e+000  7.7557182e-002
  3.2750000e+000  7.7839028e-002
  3.2775000e+000  7.8112100e-002
  3.2800000e+000  7.8375808e-002
  3.2825000e+000  7.8629573e-002
  3.2850000e+000  7.8872832e-002
  3.2875000e+000  7.9105043e-002
  3.2900000e+000  7.9325680e-002
  3.2925000e+000  7.9534243e-002
  3.2950000e+000  7.9730256e-002
  3.2975000e+000  7.9913269e-002
  3.3000000e+000  8.0082860e-002
  3.3025000e+000  8.0238639e-002
  3.3050000e+000  8.0380250e-002
  3.3075000e+000  8.0507371e-002
  3.3100000e+000  8.0619716e-002
  3.3125000e+000  8.0717038e-002
  3.3150000e+000  8.0799133e-002
  3.3175000e+000  8.0865837e-002
  3.3200000e+000  8.0917031e-002
  3.3225000e+000  8.0952641e-002
  3.3250000e+000  8.0972643e-002
  3.3275000e+000  8.0977057e-002
  3.3300000e+000  8.0965959e-002
  3.3325000e+000  8.0939471e-002
  3.3350000e+000  8.0897772e-002
  3.3375000e+000  8.0841092e-002
  3.3400000e+000  8.0769717e-002
  3.3425000e+000  8.0683989e-002
  3.3450000e+000  8.0584304e-002
  3.3475000e+000  8.0471118e-002
  3.3500000e+000  8.0344942e-002
  3.3525000e+000  8.0206346e-002
  3.3550000e+000  8.0055957e-002
  3.3575000e+000  7.9894462e-002
  3.3600000e+000  7.9722605e-002
  3.3625000e+000  7.9541187e-002
  3.3650000e+000  7.9351068e-002
  3.3675000e+000  7.9153165e-002
  3.3700000e+000  7.8948451e-002
  3.3725000e+000  7.8737956e-002
  3.3750000e+000  7.8522764e-002
  3.3775000e+000  7.8304013e-002
  3.3800000e+000  7.8082895e-002
  3.3825000e+000  7.7860653e-002
  3.3850000e+000  7.7638580e-002
  3.3875000e+000  7.7418018e-002
  3.3900000e+000  7.7200356e-002
  3.3925000e+000  7.6987029e-002
  3.3950000e+000  7.6779514e-002
  3.3975000e+000  7.6579329e-002
  3.4000000e+000  7.6388032e-002
  3.4025000e+000  7.6207218e-002
  3.4050000e+000  7.6038516e-002
  3.4075000e+000  7.5883586e-002
  3.4100000e+000  7.5744118e-002
  3.4125000e+000  7.5621828e-002
  3.4150000e+000  7.5518456e-002
  3.4175000e+000  7.5435763e-002
  3.4200000e+000  7.5375527e-002
  3.4225000e+000  7.5339541e-002
  3.4250000e+000  7.5329609e-002
  3.4275000e+000  7.5347545e-002
  3.4300000e+000  7.5395166e-002
  3.4325000e+000  7.5474292e-002
  3.4350000e+000  7.5586740e-002
  3.4375000e+000  7.5734325e-002
  3.4400000e+000  7.5918850e-002
  3.4425000e+000  7.6142109e-002
  3.4450000e+000  7.6405879e-002
  3.4475000e+000  7.6711919e-002
  3.4500000e+000  7.7061964e-002
  3.4525000e+000  7.7457728e-002
  3.4550000e+000  7.7900890e-002
  3.4575000e+000  7.8393100e-002
  3.4600000e+000  7.8935972e-002
